Sleep Stage Classification Results
==============================

Overall Accuracy: 0.2743 ± 0.0282

Average Confusion Matrix:
[[ 4.66666667 11.66666667 17.66666667 10.66666667  0.        ]
 [ 4.66666667 22.         31.66666667 29.          0.        ]
 [ 3.33333333 19.66666667 39.33333333 52.33333333  0.        ]
 [ 4.         18.33333333 51.         49.33333333  0.        ]
 [ 1.          8.33333333 11.66666667  8.33333333  0.        ]]

Per-class Performance:
              precision    recall  f1-score   support

           0       0.26      0.34      0.30        41
           1       0.27      0.21      0.23        92
           2       0.29      0.14      0.19       116
           3       0.34      0.62      0.44       120
           4       0.00      0.00      0.00        29

    accuracy                           0.31       398
   macro avg       0.23      0.26      0.23       398
weighted avg       0.28      0.31      0.27       398
